period,total_generation,c02_emissions,carbon_intensity,clean_share_proportion
2005,3844501.7635,2400.544484,624.4097757454442,0.2784934249387034
2006,3910513.7987699998,2344.749681,599.6014338927814,0.2822038104013623
2007,4002041.8223200003,2410.99822,602.4420351015558,0.27211021175153643
2008,3986049.08068,2359.66741,591.9815241204839,0.28029439988215094
2009,3823959.92375,2145.715455,561.1239390018986,0.29997097593666955
2010,3998023.30979,2259.628612,565.1864526319356,0.2909027055325222
2011,3978672.49931,2158.915646,542.6221048287863,0.3095388134971104
2012,3930656.97816,2023.916994,514.9055247622819,0.30293151116366146
2013,3940407.49719,2038.751469,517.3960993764941,0.31328161425698264
2014,3964224.3829200002,2037.785703,514.0439859509141,0.31680318658575396
2015,3948935.61268,1901.031393,481.40349184114416,0.31954671762642767
2016,3954972.36061,1809.237669,457.4589918805274,0.3379423830294114
2017,3916409.9289900004,1732.30402,442.3193821405571,0.36075695613261927
2018,4057431.6038699998,1754.153088,432.33090764287425,0.35394342388427175
2019,4018591.94921,1607.61739,400.0449436813397,0.3645810066677755
2020,3902472.05911,1439.819024,368.9505016797906,0.3849584312776894
2021,4001873.2078199997,1541.446323,385.1811996411788,0.3809926955033551
2022,4122991.44088,1532.041064,371.58482765926027,0.3891385933261986
